4294967294,430
4294967278,319
4294967278,211
4294967279,384
4294967278,209
4294967278,208
4294967278,381
4294967278,318
4294967279,443
4294967278,380
4294967294,37
4294967294,39
4294967278,203
4294967278,316
4294967278,202
4294967278,201
4294967278,198
4294967278,200
58,5
4294967279,201
58,4
4294967278,199
58,2
58,1
4294967278,379
4294967294,40
4294967294,254
4294967279,317
4294967278,315
4294967278,314
56,5
4294967294,43
4294967294,42
4294967279,312
4294967294,392
4294967294,251
4294967294,29
4294967279,193
4294967278,191
4294967279,192
56,4
4294967279,191
56,3
56,2
56,1
4294967279,309
4294967278,189
4294967279,190
4294967294,204
4294967279,308
4294967279,442
4294967278,309
4294967279,186
4294967294,456
4294967294,118
4294967294,160
4294967294,414
4294967278,183
4294967294,99
4294967279,307
4294967294,45
4294967294,44
4294967279,441
4294967278,180
4294967278,308
4294967279,306
4294967278,179
4294967294,53
4294967294,51
4294967294,85
4294967294,417
4294967294,82
4294967279,440
4294967278,177
4294967279,177
4294967278,175
4294967279,173
55,5
4294967278,173
55,4
55,2
55,1
4294967279,439
4294967278,172
4294967294,83
4294967294,92
4294967294,91
4294967294,88
4294967294,86
4294967278,304
4294967279,303
4294967279,302
4294967278,169
53,5
4294967278,167
4294967278,166
4294967278,302
4294967278,165
4294967279,166
4294967278,164
53,4
4294967278,163
53,3
53,2
53,1
4294967279,164
4294967278,162
4294967279,298
4294967294,107
4294967278,160
4294967278,299
4294967278,158
4294967278,157
4294967278,378
4294967278,298
4294967278,377
4294967279,297
4294967278,297
4294967278,153
4294967278,152
4294967278,376
4294967278,151
4294967279,150
52,5
4294967279,149
52,4
52,2
52,1
4294967278,375
4294967279,293
4294967278,294
50,5
4294967279,141
4294967278,140
4294967279,140
50,4
4294967279,139
50,3
50,2
50,1
4294967279,279
4294967294,5
4294967294,252
4294967279,278
4294967278,289
4294967279,438
4294967294,203
4294967294,186
4294967279,437
4294967278,374
4294967279,436
4294967279,282
49,5
49,4
49,2
49,1
4294967279,286
4294967294,221
4294967278,262
4294967279,435
4294967279,285
47,5
4294967294,257
4294967278,373
4294967279,258
4294967278,372
47,4
4294967278,371
47,3
47,2
47,1
4294967278,256
4294967279,256
4294967278,255
4294967279,252
4294967278,370
4294967279,434
4294967278,249
4294967279,248
46,5
46,4
46,2
46,1
4294967278,239
4294967279,240
4294967279,239
4294967278,235
4294967279,236
44,5
4294967279,229
44,4
44,3
44,2
44,1
4294967279,222
4294967279,218
4294967294,469
4294967294,267
4294967294,419
4294967294,407
4294967294,425
4294967294,411
4294967294,168
4294967294,213
4294967294,403
4294967294,420
4294967294,384
4294967294,169
4294967294,397
4294967294,451
4294967279,214
4294967294,470
4294967278,132
4294967278,131
4294967278,130
4294967278,129
4294967278,128
4294967278,127
4294967278,126
4294967278,125
4294967278,124
4294967278,123
4294967278,122
4294967278,121
4294967278,120
4294967278,119
4294967278,118
4294967278,117
4294967278,116
4294967278,115
4294967278,114
4294967278,113
4294967278,112
4294967278,111
4294967278,110
4294967278,109
4294967278,108
4294967278,107
4294967278,106
4294967278,105
4294967278,104
4294967278,103
4294967278,102
4294967278,101
4294967278,100
4294967278,99
4294967278,98
4294967278,97
4294967278,96
4294967278,95
4294967278,94
4294967278,93
4294967278,92
4294967278,91
4294967278,90
4294967278,89
4294967278,87
4294967278,86
4294967278,85
4294967278,84
4294967278,83
4294967278,82
4294967278,81
4294967278,80
4294967278,79
4294967278,78
4294967278,77
4294967278,76
4294967278,75
4294967278,74
4294967278,73
4294967278,72
4294967278,71
4294967278,70
4294967278,69
4294967278,68
4294967278,67
4294967278,66
4294967278,65
4294967278,64
4294967278,63
4294967278,62
4294967278,61
4294967278,60
4294967278,59
4294967278,58
4294967278,57
4294967278,56
4294967278,55
4294967278,54
4294967278,53
4294967278,52
4294967278,51
4294967278,50
4294967278,49
4294967278,48
4294967278,47
4294967278,46
4294967278,45
4294967278,44
4294967278,43
4294967278,42
4294967278,41
4294967278,40
4294967278,39
4294967278,38
4294967278,37
4294967279,23
4294967279,21
4294967279,17
4294967279,15
4294967279,13
4294967279,12
4294967279,10
4294967279,9
4294967279,8
4294967279,7
4294967279,6
4294967279,5
4294967279,4
4294967294,50
4294967278,369
4294967279,433
4294967278,368
4294967279,432
4294967294,89
4294967279,203
43,5
43,4
4294967279,204
43,2
43,1
4294967279,200
4294967278,367
4294967279,431
41,5
4294967279,199
4294967279,198
4294967279,197
4294967279,196
4294967279,195
41,4
4294967278,193
41,3
41,2
41,1
4294967279,194
4294967278,366
4294967279,188
4294967279,430
4294967278,365
4294967294,209
4294967294,259
4294967294,258
4294967294,214
4294967294,7
4294967279,185
4294967279,184
4294967279,183
4294967278,364
4294967279,182
4294967279,180
40,5
4294967279,179
40,4
40,2
40,1
4294967279,178
4294967294,46
4294967294,389
4294967279,176
4294967279,429
4294967278,363
4294967278,362
4294967279,175
38,5
4294967294,22
4294967279,172
4294967279,171
4294967279,170
4294967279,169
38,4
4294967279,168
38,3
38,2
38,1
4294967279,167
4294967278,293
4294967294,207
4294967294,441
4294967294,253
4294967279,165
4294967279,163
4294967278,361
4294967294,1
